-9,全国,0,0
1,北京,0,110000
2,北京市,1,110100
21,天津,0,120000
22,天津市,21,120100
41,河北,0,130000
42,石家庄市,41,130100
66,唐山市,41,130200
81,秦皇岛市,41,130300
89,邯郸市,41,130400
109,邢台市,41,130500
129,保定市,41,130600
155,张家口市,41,130700,130800
173,承德市,41,130800
185,沧州市,41,130900
202,廊坊市,41,131000
213,衡水市,41,131100
225,山西,0,140000
226,太原市,225,140100
237,大同市,225,140200
249,阳泉市,225,140300
255,长治市,225,140400
269,晋城市,225,140500
276,朔州市,225,140600
283,晋中市,225,140700
295,运城市,225,140800
309,忻州市,225,140900
324,临汾市,225,141000
342,吕梁市,225,141100
356,内蒙古,0,150000
357,呼和浩特市,356,150100
367,包头市,356,150200
377,乌海市,356,150300
381,赤峰市,356,150400
394,通辽市,356,150500
403,鄂尔多斯市,356,150600
413,呼伦贝尔市,356,150700
427,巴彦淖尔市,356,150800
435,乌兰察布市,356,150900
447,兴安盟,356,152200
454,锡林郭勒盟,356,152500
467,阿拉善盟,356,152900
471,辽宁,0,210000
472,沈阳市,471,210100
486,大连市,471,210200
497,鞍山市,471,210300
505,抚顺市,471,210400
513,本溪市,471,210500
520,丹东市,471,210600
527,锦州市,471,210700
535,营口市,471,210800
542,阜新市,471,210900
550,辽阳市,471,211000
558,盘锦市,471,211100
563,铁岭市,471,211200
571,朝阳市,471,211300
579,葫芦岛市,471,211400
586,吉林,0,220000
587,长春市,586,220100
598,吉林市,586,220200
608,四平市,586,220300
615,辽源市,586,220400
620,通化市,586,220500
628,白山市,586,220600
635,松原市,586,220700
641,白城市,586,220800
647,延边朝鲜族自治州,586,222400
656,黑龙江,0,230000
657,哈尔滨市,656,230100
676,齐齐哈尔市,656,230200
693,鸡西市,656,230300
703,鹤岗市,656,230400
712,双鸭山市,656,230500
721,大庆市,656,230600
731,伊春市,656,230700
749,佳木斯市,656,230800
760,七台河市,656,230900
765,牡丹江市,656,231000
776,黑河市,656,231100
783,绥化市,656,231200
794,大兴安岭地区,656,232700
802,上海,0,310000
803,上海市,802,310100
823,江苏,0,320000
824,南京市,823,320100
838,无锡市,823,320200
847,徐州市,823,320300
859,常州市,823,320400
867,苏州市,823,320500
879,南通市,823,320600
888,连云港市,823,320700
896,淮安市,823,320800
905,盐城市,823,320900
915,扬州市,823,321000
923,镇江市,823,321100
930,泰州市,823,321200
937,宿迁市,823,321300
943,浙江,0,330000
944,杭州市,943,330100
958,宁波市,943,330200
970,温州市,943,330300
982,嘉兴市,943,330400
990,湖州市,943,330500
996,绍兴市,943,330600
1003,金华市,943,330700
1013,衢州市,943,330800
1020,舟山市,943,330900
1025,台州市,943,331000
1035,丽水市,943,331100
1045,安徽,0,340000
1046,合肥市,1045,340100
1054,芜湖市,1045,340200
1062,蚌埠市,1045,340300
1070,淮南市,1045,340400
1077,马鞍山市,1045,340500
1082,淮北市,1045,340600
1087,铜陵市,1045,340700
1092,安庆市,1045,340800
1104,黄山市,1045,341000
1112,滁州市,1045,341100
1121,阜阳市,1045,341200
1130,宿州市,1045,341300
1136,巢湖市,1045,341400
1142,六安市,1045,341500
1150,亳州市,1045,341600
1155,池州市,1045,341700
1160,宣城市,1045,341800
1168,福建,0,350000
1169,福州市,1168,350100
1183,厦门市,1168,350200
1190,莆田市,1168,350300
1196,三明市,1168,350400
1209,泉州市,1168,350500
1222,漳州市,1168,350600
1234,南平市,1168,350700
1245,龙岩市,1168,350800
1253,宁德市,1168,350900
1263,江西,0,360000
1264,南昌市,1263,360100
1274,景德镇市,1263,360200
1279,萍乡市,1263,360300
1285,九江市,1263,360400
1298,新余市,1263,360500
1301,鹰潭市,1263,360600
1305,赣州市,1263,360700
1324,吉安市,1263,360800
1338,宜春市,1263,360900
1349,抚州市,1263,361000
1361,上饶市,1263,361100
1374,山东,0,370000
1375,济南市,1374,370100
1386,青岛市,1374,370200
1399,淄博市,1374,370300
1408,枣庄市,1374,370400
1415,东营市,1374,370500
1421,烟台市,1374,370600
1434,潍坊市,1374,370700
1447,济宁市,1374,370800
1460,泰安市,1374,370900
1467,威海市,1374,371000
1472,日照市,1374,371100
1477,莱芜市,1374,371200
1480,临沂市,1374,371300
1493,德州市,1374,371400
1505,聊城市,1374,371500
1514,滨州市,1374,371600
1522,菏泽市,1374,371700
1532,河南,0,410000
1533,郑州市,1532,410100
1546,开封市,1532,410200
1557,洛阳市,1532,410300
1573,平顶山市,1532,410400
1584,安阳市,1532,410500
1594,鹤壁市,1532,410600
1600,新乡市,1532,410700
1613,焦作市,1532,410800
1625,濮阳市,1532,410900
1632,许昌市,1532,411000
1639,漯河市,1532,411100
1645,三门峡市,1532,411200
1652,南阳市,1532,411300
1666,商丘市,1532,411400
1676,信阳市,1532,411500
1687,周口市,1532,411600
1698,驻马店市,1532,411700
1709,湖北,0,420000
1710,武汉市,1709,420100
1724,黄石市,1709,420200
1731,十堰市,1709,420300
1740,宜昌市,1709,420500
1754,襄樊市,1709,420600
1764,鄂州市,1709,420700
1768,荆门市,1709,420800
1774,孝感市,1709,420900
1782,荆州市,1709,421000
1791,黄冈市,1709,421100
1802,咸宁市,1709,421200
1809,随州市,1709,421300
1812,恩施土家族苗族自治州,1709,422800
1826,湖南,0,430000
1827,长沙市,1826,430100
1837,株洲市,1826,430200
1847,湘潭市,1826,430300
1853,衡阳市,1826,430400
1866,邵阳市,1826,430500
1879,岳阳市,1826,430600
1889,常德市,1826,430700
1899,张家界市,1826,430800
1904,益阳市,1826,430900
1911,郴州市,1826,431000
1923,永州市,1826,431100
1935,怀化市,1826,431200
1948,娄底市,1826,431300
1954,湘西土家族苗族自治州,1826,433100
1963,广东,0,440000
1964,广州市,1963,440100
1977,韶关市,1963,440200
1988,深圳市,1963,440300
1995,珠海市,1963,440400
1999,汕头市,1963,440500
2007,佛山市,1963,440600
2013,江门市,1963,440700
2021,湛江市,1963,440800
2031,茂名市,1963,440900
2038,肇庆市,1963,441200
2047,惠州市,1963,441300
2053,梅州市,1963,441400
2062,汕尾市,1963,441500
2067,河源市,1963,441600
2074,阳江市,1963,441700
2079,清远市,1963,441800
2088,东莞市,1963,441900
2089,中山市,1963,442000
2090,潮州市,1963,445100
2094,揭阳市,1963,445200
2100,云浮市,1963,445300
2106,广西,0,450000
2107,南宁市,2106,450100
2120,柳州市,2106,450200
2131,桂林市,2106,450300
2149,梧州市,2106,450400
2157,北海市,2106,450500
2162,防城港市,2106,450600
2167,钦州市,2106,450700
2172,贵港市,2106,450800
2178,玉林市,2106,450900
2185,百色市,2106,451000
2198,贺州市,2106,451100
2203,河池市,2106,451200
2215,来宾市,2106,451300
2222,崇左市,2106,451400
2230,海南,0,460000
2231,海口市,2230,460100
2236,三亚市,2230,460200
2257,重庆,0,500000
2258,重庆市,2257,500100
2299,四川,0,510000
2300,成都市,2299,510100
2320,自贡市,2299,510300
2327,攀枝花市,2299,510400
2333,泸州市,2299,510500
2341,德阳市,2299,510600
2348,绵阳市,2299,510700
2358,广元市,2299,510800
2366,遂宁市,2299,510900
2372,内江市,2299,511000
2378,乐山市,2299,511100
2390,南充市,2299,511300
2400,眉山市,2299,511400
2407,宜宾市,2299,511500
2418,广安市,2299,511600
2424,达州市,2299,511700
2432,雅安市,2299,511800
2441,巴中市,2299,511900
2446,资阳市,2299,512000
2451,阿坝藏族羌族自治州,2299,513200
2465,甘孜藏族自治州,2299,513300
2484,凉山彝族自治州,2299,513400
2502,贵州,0,520000
2503,贵阳市,2502,520100
2514,六盘水市,2502,520200
2519,遵义市,2502,520300
2534,安顺市,2502,520400
2541,铜仁地区,2502,522200
2552,黔西南布依族苗族自治州,2502,522300
2561,毕节地区,2502,522400
2570,黔东南苗族侗族自治州,2502,522600
2587,黔南布依族苗族自治州,2502,522700
2600,云南,0,530000
2601,昆明市,2600,530100
2616,曲靖市,2600,530300
2626,玉溪市,2600,530400
2636,保山市,2600,530500
2642,昭通市,2600,530600
2654,丽江市,2600,530700
2660,普洱市,2600,530800
2671,临沧市,2600,530900
2680,楚雄彝族自治州,2600,532300
2691,红河哈尼族彝族自治州,2600,532500
2705,文山壮族苗族自治州,2600,532600
2714,西双版纳傣族自治州,2600,532800
2718,大理白族自治州,2600,532900
2731,德宏傣族景颇族自治州,2600,533100
2737,怒江傈僳族自治州,2600,533300
2742,迪庆藏族自治州,2600,533400
2746,西藏,0,540000
2747,拉萨市,2746,540100
2756,昌都地区,2746,542100
2768,山南地区,2746,542200
2781,日喀则地区,2746,542300
2800,那曲地区,2746,542400
2811,阿里地区,2746,542500
2819,林芝地区,2746,542600
2827,陕西,0,610000
2828,西安市,2827,610100
2842,铜川市,2827,610200
2847,宝鸡市,2827,610300
2860,咸阳市,2827,610400
2875,渭南市,2827,610500
2887,延安市,2827,610600
2901,汉中市,2827,610700
2913,榆林市,2827,610800
2926,安康市,2827,610900
2937,商洛市,2827,611000
2945,甘肃,0,620000
2946,兰州市,2945,620100
2955,嘉峪关市,2945,620200
2956,金昌市,2945,620300
2959,白银市,2945,620400
2965,天水市,2945,620500
2973,武威市,2945,620600
2978,张掖市,2945,620700
2985,平凉市,2945,620800
2993,酒泉市,2945,620900
3001,庆阳市,2945,621000
3010,定西市,2945,621100
3018,陇南市,2945,621200
3028,临夏回族自治州,2945,622900
3037,甘南藏族自治州,2945,623000
3046,青海,0,630000
3047,西宁市,3046,630100
3055,海东地区,3046,632100
3062,海北藏族自治州,3046,632200
3067,黄南藏族自治州,3046,632300
3072,海南藏族自治州,3046,632500
3078,果洛藏族自治州,3046,632600
3085,玉树藏族自治州,3046,632700
3092,海西蒙古族藏族自治州,3046,632800
3098,宁夏,0,640000
3099,银川市,3098,640100
3106,石嘴山市,3098,640200
3110,吴忠市,3098,640300
3115,固原市,3098,640400
3121,中卫市,3098,640500
3125,新疆,0,650000
3126,乌鲁木齐市,3125,650100
3135,克拉玛依市,3125,650200
3140,吐鲁番地区,3125,652100
3144,哈密地区,3125,652200
3145,昌吉回族自治州,3125,652300
3153,博尔塔拉蒙古自治州,3125,652700
3157,巴音郭楞蒙古自治州,3125,652800
3167,阿克苏地区,3125,652900
3177,克孜勒苏柯尔克孜自治州,3125,653000
3182,喀什地区,3125,653100
3195,和田地区,3125,653200
3204,伊犁哈萨克自治州,3125,654000
3215,塔城地区,3125,654200
3223,阿勒泰地区,3125,654300